2
100
1.15142 -0.0416284 
-1.7763 -0.327073 
0.263079 -1.86065 
0.48461 -1.47603 
-1.22911 -1.6717 
-0.8612 0.401175 
1.40791 -1.31598 
0.527474 -0.0593783 
0.343189 -1.40735 
-1.18725 -0.443399 
1.10619 0.809423 
0.667747 0.924211 
-0.228028 1.03034 
-1.23739 -0.64166 
-0.913 1.42832 
0.448941 -1.76158 
-0.613312 0.672643 
-0.08865 1.64977 
0.811994 -1.60404 
-1.82626 1.58289 
-1.27574 -0.687459 
-0.0159397 -1.86783 
-0.00344253 -1.48847 
0.0727966 -1.66025 
-0.89582 0.885549 
-0.103652 -1.78963 
-0.305028 -1.4359 
1.13458 1.46694 
1.59443 1.89719 
-1.17472 -1.31857 
1.3255 1.27422 
-1.08015 -1.28781 
-0.0531324 0.831203 
-1.63804 -1.24114 
1.22716 -1.4643 
-1.65825 1.95142 
-0.151759 0.325807 
-1.9164 1.8448 
0.837341 0.156396 
-1.81545 1.94152 
-0.958056 0.0808933 
-1.84811 0.736916 
0.644988 1.28647 
0.20386 0.239419 
1.18366 1.02914 
0.92085 0.509159 
0.303368 1.8407 
1.22135 -1.74976 
0.671907 1.58331 
-0.990903 -0.10093 
-1.88099 -0.649157 
-0.149506 -0.0327506 
1.67665 -0.0659066 
-0.187952 0.513991 
-1.90951 -0.00340712 
0.455512 -0.867567 
-1.92251 0.607401 
1.86935 0.722475 
-0.10613 0.0732086 
-1.03811 -0.922475 
-0.897648 1.88274 
1.58668 1.40572 
1.72345 0.808035 
1.65595 0.395354 
0.391344 -1.33495 
-1.70558 0.510353 
0.0158937 0.144918 
-1.5224 -0.307456 
-1.92099 0.28965 
-1.79347 -1.8305 
-1.71376 0.662047 
-0.698066 -1.63627 
-0.730552 -0.828717 
1.0862 1.16332 
1.24449 -1.9519 
-1.75916 -1.65316 
1.93084 1.82753 
1.75256 1.65429 
0.635562 1.40852 
0.0496433 -0.973094 
-1.92643 0.344067 
1.53726 0.0894608 
-1.51101 -1.98514 
1.782 -1.432 
0.304511 1.98854 
-1.2625 0.590754 
0.650586 0.039432 
0.954483 1.92003 
1.21072 0.0406861 
1.08335 0.455207 
0.0887835 1.32419 
0.80205 0.0196249 
1.15172 0.554612 
-0.326086 -0.212717 
-0.0368714 1.72356 
0.814189 0.0366957 
0.0676246 0.351448 
-1.87384 0.55661 
0.366309 1.90816 
1.12461 -1.32918 
2 0.315394 0.465527 2.43544
2 0.0540141 -0.0246154 1.59205
2 -0.435814 -0.221937 1.54208
2 0.0863816 0.391865 0.96917
2 -0.408712 0.0923775 0.546792
2 0.00976628 -0.26897 0.0166176
2 -0.0593444 0.221813 1.13367
2 0.457562 -0.269013 0.392538
2 0.0967143 -0.237474 1.86219
2 -0.122134 -0.260434 0.841136
2 -0.156607 -0.286259 1.2604
2 0.318777 0.350563 0.798883
2 -0.403159 -0.0326068 2.18392
2 0.488706 0.355061 2.34438
2 0.0810832 -0.426222 1.31034
2 0.312114 -0.419575 1.53856
2 0.0339262 0.033893 0.312971
2 0.264913 0.190908 1.41461
2 -0.472562 -0.0642146 1.30851
2 -0.232996 0.27224 0.3003
